1111111111111111111111111111111
1000020010102000000000001000001
1000000010100000000000001000001
1110011110111100111111001110011
1000000000000000100000000000001
1000000000000000100000000000001
1110011110111111111111000000001
1000000010100000020000111110011
1000000010100000000000000000001
1111111111001111110011111110011
1000000000000000000000100000001
1000000000000000000000100000001
1111100111111110011111110011111
1000000000000000000101000000001
1000000000000000000101000002001
1111100111111110011101111001111
1000000000000010000000000000001
1000000000000010000000000000001
1111111100111110011101111001111
1002000000000000000101000000001
1000000000000000000101000000001
1111111111111111111111111111111