1111111111111111111111111111111
1000020010100000002000000000001
1000000010100000000000000000001
1110011110111100111111111110011
1000000000000000000000000000001
1000000000000000000000000000001
1110011110111110011111000000001
1000000010100000020000111110011
1000000010100000000000000000001
1111111111001111110011111110011
1000000000000000000000000000001
1000000000000000000000000000001
1111100111111110011111110011111
1000000000000000000101002000001
1000000000000000000101000000001
1111100111111100111101111001111
1000000000000000000000000000001
1000000000000000000000000000001
1111111100111110011101111001111
1002000000000000000101000000001
1000000000000000000101000000001
1111111111111111111111111111111